1   8.07863732582 6.89913788283 9.65340224098 4.65855289466
2   2.88736973841 7.27851173799 2.18154903957 2.54048576876
3   4.04134461747 7.47589619406 5.26357492455 3.28074786709
4   7.30918042607 2.54359931302 1.7726482863 4.88680393164
5   7.52561646034 6.61883806964 1.69578839474 5.72902598104
6   5.86769959789 8.59627770166 7.89272514467 4.74125463299
7   7.65744073601 4.33857287375 4.85858435305 4.06937502896
8   3.77954000327 9.51490340284 8.18864353524 8.15764903562
9   2.01243115106 6.47354043358 9.2865473691 2.01670960163
10  6.95064297481 8.05219452269 8.82407485682 3.25577533103
11  5.72550260583 7.42027624894 5.62664801563 9.65555412445
12  2.16839582277 6.97115336146 4.91801070506 6.31642907507
13  7.03447461926 5.31804073663 1.52174988062 9.72030479114
14  7.81086355583 4.89499931318 6.92899306157 9.61850710008
15  1.53561441897 2.07504599357 3.1278930412 8.11101627405
16  8.07863732582 6.89913788283 9.65340224098 4.65855289466
17  2.88736973841 7.27851173799 2.18154903957 2.54048576876
18  4.04134461747 7.47589619406 5.26357492455 3.28074786709
19  7.30918042607 2.54359931302 1.7726482863 4.88680393164
20  7.52561646034 6.61883806964 1.69578839474 5.72902598104
21  5.86769959789 8.59627770166 7.89272514467 4.74125463299
